3.656037569046020508
-2.916338682174682617
2.433580160140991211
3.685384511947631836
-2.901264905929565430
-2.872632026672363281
-0.019420480355620384
0.438042253255844116
5.828961372375488281
5.176836967468261719
-2.913153409957885742
-2.894824981689453125
3.520405292510986328
-2.872466802597045898
-2.882749557495117188
5.047136306762695312
-2.865315198898315430
3.644757986068725586
3.698741674423217773
3.182583570480346680
-0.017107188701629639
-2.666187047958374023
1.225917339324951172
3.584646940231323242
-0.058240167796611786
-3.120273113250732422
-2.932584762573242188
0.579957485198974609
-2.920165061950683594
-0.025810865685343742
3.718590974807739258
0.998388409614562988
